{
	"calibDataSource": "j:\/calibration\/171204_calib_rawData\/full\/output_norm",
	"cameras": [
		{
			"name": "01_01",
			"type": "vga",
			"resolution": [640,480],
			"panel": 1,
			"node": 1,
			"K": [
				[746.86,0,374.524],
				[0,746.925,225.938],
				[0,0,1]
			],
			"distCoef": [-0.340115,0.146277,-0.000603648,0.00102124,-0.0713998],
			"R": [
				[0.956838847,0.02823940406,-0.2892437672],
				[-0.05138652454,0.9960257947,-0.07274641811],
				[0.2860399376,0.08446983077,0.9544872979]
			],
			"t": [
				[-49.26603657],
				[143.452285],
				[280.6572141]
			]
		},
		{
			"name": "01_02",
			"type": "vga",
			"resolution": [640,480],
			"panel": 1,
			"node": 2,
			"K": [
				[747.13,0,368.881],
				[0,747.123,226.841],
				[0,0,1]
			],
			"distCoef": [-0.357947,0.244759,-0.000564756,0.000217912,-0.234684],
			"R": [
				[0.9680543579,-0.01701562766,-0.2501624043],
				[0.005415678627,0.9988809076,-0.04698513486],
				[0.250681931,0.04412936537,0.9670631668]
			],
			"t": [
				[-63.94067065],
				[141.6393159],
				[276.7817033]
			]
		},
		{
			"name": "01_03",
			"type": "vga",
			"resolution": [640,480],
			"panel": 1,
			"node": 3,
			"K": [
				[747.837,0,379.394],
				[0,747.817,239.319],
				[0,0,1]
			],
			"distCoef": [-0.341024,0.131885,-0.000795476,0.000974583,-0.0307588],
			"R": [
				[0.9625097358,0.05569474666,-0.2654677073],
				[-0.07146655743,0.9961830008,-0.05011945741],
				[0.2616630268,0.06721252886,0.9628161488]
			],
			"t": [
				[-52.52251703],
				[118.3114789],
				[279.6999981]
			]
		},
		{
			"name": "01_04",
			"type": "vga",
			"resolution": [640,480],
			"panel": 1,
			"node": 4,
			"K": [
				[748.874,0,367.313],
				[0,748.776,234.933],
				[0,0,1]
			],
			"distCoef": [-0.339751,0.133697,-0.00103241,-0.000787397,-0.0419728],
			"R": [
				[0.9621173847,0.08551312322,-0.258877662],
				[-0.1128305077,0.9892948094,-0.09254759138],
				[0.2481922937,0.1182509446,0.9614662238]
			],
			"t": [
				[-27.35174993],
				[96.2879599],
				[285.6277786]
			]
		},
		{
			"name": "01_05",
			"type": "vga",
			"resolution": [640,480],
			"panel": 1,
			"node": 5,
			"K": [
				[743.728,0,353.408],
				[0,743.718,210.43],
				[0,0,1]
			],
			"distCoef": [-0.312681,-0.0179344,-0.000356142,-0.000566631,0.188432],
			"R": [
				[0.968033615,0.05083484171,-0.2456150221],
				[-0.0743684546,0.9933841861,-0.08750538101],
				[0.2395417567,0.1029741599,0.9654097934]
			],
			"t": [
				[-24.94640346],
				[77.65521979],
				[283.65057]
			]
		},
		{
			"name": "01_06",
			"type": "vga",
			"resolution": [640,480],
			"panel": 1,
			"node": 6,
			"K": [
				[744.468,0,370.83],
				[0,744.754,242.366],
				[0,0,1]
			],
			"distCoef": [-0.325388,0.0489133,0.00120459,-0.000220036,0.0945043],
			"R": [
				[0.9647347778,0.07446516759,-0.25247128],
				[-0.09509853985,0.9929671104,-0.07051656106],
				[0.2454446499,0.09203942896,0.9650314334]
			],
			"t": [
				[-4.509409203],
				[73.09785616],
				[282.6758836]
			]
		},
		{
			"name": "01_07",
			"type": "vga",
			"resolution": [640,480],
			"panel": 1,
			"node": 7,
			"K": [
				[749.646,0,380.791],
				[0,749.457,229.423],
				[0,0,1]
			],
			"distCoef": [-0.356182,0.219473,-0.000406772,0.00137338,-0.148446],
			"R": [
				[0.962717241,-0.0299455773,-0.2688471243],
				[0.01668853221,0.9985355104,-0.05146190299],
				[0.2699944569,0.04505659737,0.9618070993]
			],
			"t": [
				[-2.675790659],
				[99.19613456],
				[278.3390177]
			]
		},
		{
			"name": "01_08",
			"type": "vga",
			"resolution": [640,480],
			"panel": 1,
			"node": 8,
			"K": [
				[746.711,0,360.745],
				[0,746.928,218.704],
				[0,0,1]
			],
			"distCoef": [-0.336121,0.110559,-0.000606747,-0.00133699,-0.0120379],
			"R": [
				[0.9613940347,0.06455999182,-0.2674948925],
				[-0.07932664468,0.9958433658,-0.04475795154],
				[0.2634934411,0.06424949991,0.9625191989]
			],
			"t": [
				[28.53461146],
				[86.28444402],
				[280.7494937]
			]
		},
		{
			"name": "01_09",
			"type": "vga",
			"resolution": [640,480],
			"panel": 1,
			"node": 9,
			"K": [
				[747.629,0,338.234],
				[0,747.628,237.118],
				[0,0,1]
			],
			"distCoef": [-0.334935,0.13052,0.000768204,-0.000279231,-0.0594563],
			"R": [
				[0.9611838846,0.0726099798,-0.2661828898],
				[-0.09124987713,0.9941185609,-0.05832449545],
				[0.2603824109,0.08034972109,0.9621563919]
			],
			"t": [
				[46.90198403],
				[94.77623222],
				[282.0001861]
			]
		},
		{
			"name": "01_10",
			"type": "vga",
			"resolution": [640,480],
			"panel": 1,
			"node": 10,
			"K": [
				[749.352,0,378.526],
				[0,749.563,228.456],
				[0,0,1]
			],
			"distCoef": [-0.364799,0.279686,-0.00106621,0.00071869,-0.264374],
			"R": [
				[0.9620056304,-0.001648472179,-0.2730246319],
				[-0.01029098517,0.9990522707,-0.04229250477],
				[0.2728355965,0.04349532015,0.9610769451]
			],
			"t": [
				[31.98192831],
				[129.7434033],
				[277.9673668]
			]
		},
		{
			"name": "01_11",
			"type": "vga",
			"resolution": [640,480],
			"panel": 1,
			"node": 11,
			"K": [
				[748.123,0,363.459],
				[0,747.753,222.685],
				[0,0,1]
			],
			"distCoef": [-0.354935,0.210434,0.000672418,0.0014507,-0.146479],
			"R": [
				[0.984289093,-0.0132647625,-0.1760654068],
				[0.004200350487,0.9986509071,-0.05175637903],
				[0.1765144143,0.05020370295,0.9830169122]
			],
			"t": [
				[72.69762829],
				[143.4305804],
				[272.9128885]
			]
		},
		{
			"name": "01_12",
			"type": "vga",
			"resolution": [640,480],
			"panel": 1,
			"node": 12,
			"K": [
				[746.813,0,359.786],
				[0,746.758,226.498],
				[0,0,1]
			],
			"distCoef": [-0.349296,0.193287,-0.000682301,-0.00212552,-0.158077],
			"R": [
				[0.9541170612,0.08524391744,-0.287043739],
				[-0.09751020932,0.9948210683,-0.02868451118],
				[0.2831119789,0.05535807657,0.9574879063]
			],
			"t": [
				[56.17242688],
				[157.833911],
				[279.6184999]
			]
		},
		{
			"name": "01_13",
			"type": "vga",
			"resolution": [640,480],
			"panel": 1,
			"node": 13,
			"K": [
				[745.572,0,340.193],
				[0,745.551,215.742],
				[0,0,1]
			],
			"distCoef": [-0.340005,0.159166,-0.000124048,-0.00117571,-0.139435],
			"R": [
				[0.9687242079,-0.06273192666,-0.2400793918],
				[0.03704355538,0.9932346768,-0.1100574933],
				[0.2453592957,0.09772196382,0.9644942892]
			],
			"t": [
				[21.8160376],
				[154.5942623],
				[284.6256749]
			]
		},
		{
			"name": "01_14",
			"type": "vga",
			"resolution": [640,480],
			"panel": 1,
			"node": 14,
			"K": [
				[748.038,0,364.731],
				[0,748.249,235.468],
				[0,0,1]
			],
			"distCoef": [-0.364825,0.285364,-0.000634069,-1.668e-05,-0.298836],
			"R": [
				[0.9595714232,0.006713102583,-0.2813851775],
				[-0.02561779284,0.9976491782,-0.06355978242],
				[0.2802970077,0.06819861806,0.9574876166]
			],
			"t": [
				[20.80313096],
				[181.9543477],
				[280.8669969]
			]
		},
		{
			"name": "01_15",
			"type": "vga",
			"resolution": [640,480],
			"panel": 1,
			"node": 15,
			"K": [
				[747.32,0,366.44],
				[0,747.381,216.978],
				[0,0,1]
			],
			"distCoef": [-0.347566,0.172781,-0.001696,-0.000771287,-0.113908],
			"R": [
				[0.9555671391,0.03532791954,-0.2926489035],
				[-0.06335115947,0.9942061094,-0.08683802495],
				[0.287885521,0.1015192104,0.9522687524]
			],
			"t": [
				[2.763277734],
				[174.0590075],
				[286.2990201]
			]
		},
		{
			"name": "01_16",
			"type": "vga",
			"resolution": [640,480],
			"panel": 1,
			"node": 16,
			"K": [
				[749.815,0,372.077],
				[0,749.621,229.187],
				[0,0,1]
			],
			"distCoef": [-0.378076,0.344366,0.00123881,0.000227856,-0.366173],
			"R": [
				[0.9641465818,0.0562652809,-0.2593368216],
				[-0.07215931565,0.9960276149,-0.05217301538],
				[0.2553711065,0.06901600201,0.9643766844]
			],
			"t": [
				[-1.830403754],
				[173.0614445],
				[280.2395067]
			]
		},
		{
			"name": "01_17",
			"type": "vga",
			"resolution": [640,480],
			"panel": 1,
			"node": 17,
			"K": [
				[750.082,0,372.475],
				[0,750.37,234.423],
				[0,0,1]
			],
			"distCoef": [-0.367685,0.2768,-0.000957738,0.00230866,-0.224106],
			"R": [
				[0.9603883037,0.02451794566,-0.2775845393],
				[-0.04595171994,0.996419139,-0.07097421245],
				[0.2748504057,0.08091829051,0.9580759285]
			],
			"t": [
				[-33.27768811],
				[173.2234702],
				[281.5768768]
			]
		},
		{
			"name": "01_18",
			"type": "vga",
			"resolution": [640,480],
			"panel": 1,
			"node": 18,
			"K": [
				[745.124,0,364.13],
				[0,745.262,236.381],
				[0,0,1]
			],
			"distCoef": [-0.326921,0.0671794,-0.000930993,-0.000950335,0.0649206],
			"R": [
				[0.9470083316,0.05969634914,-0.3156130001],
				[-0.07248715917,0.9969495884,-0.02893319655],
				[0.3129230444,0.05027786797,0.9484467852]
			],
			"t": [
				[-56.18672138],
				[175.4994695],
				[273.221972]
			]
		},
		{
			"name": "01_19",
			"type": "vga",
			"resolution": [640,480],
			"panel": 1,
			"node": 19,
			"K": [
				[744.19,0,365.055],
				[0,744.274,220.265],
				[0,0,1]
			],
			"distCoef": [-0.325501,0.0613978,-0.000867464,-0.000301089,0.0739358],
			"R": [
				[0.9637049826,0.05278661726,-0.2616988336],
				[-0.06657621004,0.9968061501,-0.04410337048],
				[0.2585349391,0.05992555439,0.9641413865]
			],
			"t": [
				[-17.83002795],
				[144.4199741],
				[278.8204239]
			]
		},
		{
			"name": "01_20",
			"type": "vga",
			"resolution": [640,480],
			"panel": 1,
			"node": 20,
			"K": [
				[745.74,0,343.658],
				[0,745.829,245.374],
				[0,0,1]
			],
			"distCoef": [-0.339086,0.130667,0.00109491,-0.00105926,-0.044282],
			"R": [
				[0.9677502593,0.03454617241,-0.2495315565],
				[-0.04428916508,0.9984557464,-0.03353494342],
				[0.2479877125,0.04350499448,0.9677858285]
			],
			"t": [
				[-13.30699789],
				[127.6236258],
				[277.3282345]
			]
		},
		{
			"name": "01_21",
			"type": "vga",
			"resolution": [640,480],
			"panel": 1,
			"node": 21,
			"K": [
				[742.936,0,365.226],
				[0,742.896,221.638],
				[0,0,1]
			],
			"distCoef": [-0.313291,-0.00605525,-0.00100915,-3.83611e-05,0.182671],
			"R": [
				[0.9605747698,0.03991673385,-0.2751413562],
				[-0.04944567042,0.9983903674,-0.02778128674],
				[0.2735895415,0.04029055194,0.9610023071]
			],
			"t": [
				[-0.001888244223],
				[121.9364778],
				[276.9848009]
			]
		},
		{
			"name": "01_22",
			"type": "vga",
			"resolution": [640,480],
			"panel": 1,
			"node": 22,
			"K": [
				[745.581,0,363.529],
				[0,745.687,226.721],
				[0,0,1]
			],
			"distCoef": [-0.348837,0.199941,-0.000931014,-0.000439901,-0.164576],
			"R": [
				[0.9577151084,-0.008016976247,-0.2876065008],
				[-0.004091152649,0.9991312107,-0.04147392307],
				[0.2876891268,0.04089684482,0.9568502571]
			],
			"t": [
				[6.057354628],
				[135.1878668],
				[277.2376386]
			]
		},
		{
			"name": "01_23",
			"type": "vga",
			"resolution": [640,480],
			"panel": 1,
			"node": 23,
			"K": [
				[746.193,0,358.905],
				[0,746.176,223.73],
				[0,0,1]
			],
			"distCoef": [-0.332618,0.100456,-0.000591662,0.0006906,0.0178481],
			"R": [
				[0.9504434204,0.01259175424,-0.3106424832],
				[-0.03911505508,0.9960830222,-0.07930085372],
				[0.3084271666,0.08752177249,0.9472130817]
			],
			"t": [
				[-0.8281653368],
				[143.0481306],
				[283.3993541]
			]
		},
		{
			"name": "01_24",
			"type": "vga",
			"resolution": [640,480],
			"panel": 1,
			"node": 24,
			"K": [
				[745.645,0,369.284],
				[0,745.502,244.318],
				[0,0,1]
			],
			"distCoef": [-0.332017,0.0878147,-2.73121e-05,-0.000368805,0.0316876],
			"R": [
				[0.9583373911,0.053797906,-0.2805267012],
				[-0.07611214808,0.9946910165,-0.06925837554],
				[0.275311434,0.08772438075,0.9573442679]
			],
			"t": [
				[-5.282522618],
				[147.6251032],
				[282.8840108]
			]
		},
		{
			"name": "02_01",
			"type": "vga",
			"resolution": [640,480],
			"panel": 2,
			"node": 1,
			"K": [
				[747.93,0,375.284],
				[0,748.142,234.025],
				[0,0,1]
			],
			"distCoef": [-0.330558,0.0843432,0.000108636,-0.000303837,0.019345],
			"R": [
				[0.98016019,0.04752110031,0.192425952],
				[-0.002271034517,0.9734622953,-0.2288361902],
				[-0.1981939565,0.2238591177,0.9542569104]
			],
			"t": [
				[-0.1636337559],
				[176.0974343],
				[301.9647542]
			]
		},
		{
			"name": "02_02",
			"type": "vga",
			"resolution": [640,480],
			"panel": 2,
			"node": 2,
			"K": [
				[748.891,0,367.698],
				[0,749.009,211.205],
				[0,0,1]
			],
			"distCoef": [-0.351282,0.19216,0.000834897,-0.000468324,-0.138564],
			"R": [
				[0.9840984806,-0.05686559915,0.168275025],
				[0.08930720834,0.9773202042,-0.1920141688],
				[-0.153539581,0.2039890245,0.9668578359]
			],
			"t": [
				[-49.61378326],
				[191.7530216],
				[296.6217442]
			]
		},
		{
			"name": "02_03",
			"type": "vga",
			"resolution": [640,480],
			"panel": 2,
			"node": 3,
			"K": [
				[746.411,0,353.048],
				[0,746.526,252.059],
				[0,0,1]
			],
			"distCoef": [-0.330241,0.0642877,-0.000980343,-0.00139367,0.0747967],
			"R": [
				[0.9781575632,0.1276736497,0.1640342058],
				[-0.08070861908,0.960500903,-0.2663158541],
				[-0.1915565199,0.2472598926,0.9498255867]
			],
			"t": [
				[-21.73273584],
				[170.2089484],
				[306.1954296]
			]
		},
		{
			"name": "02_04",
			"type": "vga",
			"resolution": [640,480],
			"panel": 2,
			"node": 4,
			"K": [
				[747.076,0,381.389],
				[0,747.188,224.321],
				[0,0,1]
			],
			"distCoef": [-0.337966,0.126757,-0.000761169,0.000616279,-0.0340086],
			"R": [
				[0.9820583285,0.07466879762,0.1731646905],
				[-0.0305786409,0.9691699554,-0.2444883317],
				[-0.1860816651,0.2348066615,0.9540646968]
			],
			"t": [
				[-31.43048693],
				[151.8047697],
				[303.889397]
			]
		},
		{
			"name": "02_05",
			"type": "vga",
			"resolution": [640,480],
			"panel": 2,
			"node": 5,
			"K": [
				[744.862,0,378.879],
				[0,744.685,243.903],
				[0,0,1]
			],
			"distCoef": [-0.328842,0.062159,9.26981e-05,-0.00100773,0.0715176],
			"R": [
				[0.9879982155,0.05703600414,0.1435493659],
				[-0.01963455932,0.9681653046,-0.2495404319],
				[-0.1532123046,0.2437269728,0.95766547]
			],
			"t": [
				[-60.99241716],
				[136.7126879],
				[303.1108201]
			]
		},
		{
			"name": "02_06",
			"type": "vga",
			"resolution": [640,480],
			"panel": 2,
			"node": 6,
			"K": [
				[744.764,0,352.982],
				[0,744.896,228.657],
				[0,0,1]
			],
			"distCoef": [-0.312258,-0.0209666,-0.000342284,-4.55016e-05,0.209891],
			"R": [
				[0.9839477983,0.06231173152,0.1672243353],
				[-0.01455068091,0.9619522444,-0.2728299052],
				[-0.1778623285,0.2660171566,0.9474174711]
			],
			"t": [
				[-52.49525385],
				[107.767427],
				[307.2506785]
			]
		},
		{
			"name": "02_07",
			"type": "vga",
			"resolution": [640,480],
			"panel": 2,
			"node": 7,
			"K": [
				[747.55,0,376.3],
				[0,747.462,217.114],
				[0,0,1]
			],
			"distCoef": [-0.336795,0.122933,-0.000547896,0.000295072,-0.0258459],
			"R": [
				[0.9802665229,0.09727018141,0.1720931607],
				[-0.05474819352,0.9700968312,-0.2364630488],
				[-0.1899478335,0.222375021,0.9562788142]
			],
			"t": [
				[-26.08779386],
				[111.7334239],
				[302.9716362]
			]
		},
		{
			"name": "02_08",
			"type": "vga",
			"resolution": [640,480],
			"panel": 2,
			"node": 8,
			"K": [
				[748.389,0,347.15],
				[0,748.528,230.918],
				[0,0,1]
			],
			"distCoef": [-0.350124,0.189749,0.00106505,-0.00185451,-0.131885],
			"R": [
				[0.976867917,0.04485018726,0.2090873823],
				[0.002406681677,0.9753908132,-0.2204698832],
				[-0.2138300274,0.2158731623,0.9527200518]
			],
			"t": [
				[-21.73614556],
				[90.3872793],
				[303.8263193]
			]
		},
		{
			"name": "02_09",
			"type": "vga",
			"resolution": [640,480],
			"panel": 2,
			"node": 9,
			"K": [
				[746.946,0,344.32],
				[0,747.107,222.388],
				[0,0,1]
			],
			"distCoef": [-0.323914,0.0533778,0.000375399,0.000384903,0.0794984],
			"R": [
				[0.974099817,0.02575173287,0.2246472677],
				[0.01466076477,0.9842106555,-0.1763928784],
				[-0.2256426569,0.1751177713,0.9583418793]
			],
			"t": [
				[-0.361255992],
				[93.97060368],
				[299.5266164]
			]
		},
		{
			"name": "02_10",
			"type": "vga",
			"resolution": [640,480],
			"panel": 2,
			"node": 10,
			"K": [
				[744.649,0,345.641],
				[0,744.659,231.679],
				[0,0,1]
			],
			"distCoef": [-0.315577,0.000810495,0.000453472,-0.000160852,0.161746],
			"R": [
				[0.9864516771,0.04784860563,0.1569190862],
				[-0.01213675336,0.9751841831,-0.2210622273],
				[-0.1636025302,0.2161627166,0.9625527996]
			],
			"t": [
				[1.400322378],
				[95.08072877],
				[302.5673194]
			]
		},
		{
			"name": "02_11",
			"type": "vga",
			"resolution": [640,480],
			"panel": 2,
			"node": 11,
			"K": [
				[749.1,0,373.615],
				[0,749.4,220.06],
				[0,0,1]
			],
			"distCoef": [-0.332038,0.0899698,0.000697751,0.000585256,0.0189117],
			"R": [
				[0.9797548261,-0.03983070181,0.1961988681],
				[0.08098560517,0.9750977479,-0.206459957],
				[-0.1830896295,0.2181694233,0.9585824379]
			],
			"t": [
				[18.72915129],
				[87.57216434],
				[302.8727583]
			]
		},
		{
			"name": "02_12",
			"type": "vga",
			"resolution": [640,480],
			"panel": 2,
			"node": 12,
			"K": [
				[746.763,0,387.27],
				[0,746.791,224.365],
				[0,0,1]
			],
			"distCoef": [-0.334029,0.0927257,-0.00037025,-1.83624e-05,0.0317776],
			"R": [
				[0.9805617117,-0.05317144951,0.1888690725],
				[0.09169533206,0.9751827103,-0.2015208368],
				[-0.173466699,0.214922029,0.9611024013]
			],
			"t": [
				[31.93983405],
				[101.4688127],
				[302.7779692]
			]
		},
		{
			"name": "02_13",
			"type": "vga",
			"resolution": [640,480],
			"panel": 2,
			"node": 13,
			"K": [
				[747.77,0,386.304],
				[0,747.694,241.731],
				[0,0,1]
			],
			"distCoef": [-0.336722,0.104399,0.000710875,0.000173704,0.0104219],
			"R": [
				[0.9834006703,0.07284199101,0.1661841327],
				[-0.03694105342,0.9770737246,-0.2096718754],
				[-0.1776470664,0.2000524459,0.9635458156]
			],
			"t": [
				[40.60346057],
				[121.4703047],
				[300.0659139]
			]
		},
		{
			"name": "02_14",
			"type": "vga",
			"resolution": [640,480],
			"panel": 2,
			"node": 14,
			"K": [
				[746.244,0,358.215],
				[0,746.104,220.764],
				[0,0,1]
			],
			"distCoef": [-0.336226,0.118177,0.000758511,0.000625228,-0.013147],
			"R": [
				[0.9681782355,-0.01329955405,0.2499080353],
				[0.06309955119,0.9792975276,-0.192340321],
				[-0.2421762806,0.2019887975,0.9489737482]
			],
			"t": [
				[65.302026],
				[136.7620656],
				[296.2972992]
			]
		},
		{
			"name": "02_15",
			"type": "vga",
			"resolution": [640,480],
			"panel": 2,
			"node": 15,
			"K": [
				[748.536,0,374.031],
				[0,748.407,232.715],
				[0,0,1]
			],
			"distCoef": [-0.362401,0.247503,0.000828026,0.00163267,-0.199982],
			"R": [
				[0.9773013637,-0.02956457699,0.2097807913],
				[0.07621418568,0.9729831005,-0.2179341279],
				[-0.1976700344,0.2289755926,0.9531509511]
			],
			"t": [
				[42.67036526],
				[147.4921633],
				[302.6573626]
			]
		},
		{
			"name": "02_16",
			"type": "vga",
			"resolution": [640,480],
			"panel": 2,
			"node": 16,
			"K": [
				[749.77,0,368.568],
				[0,749.656,213.336],
				[0,0,1]
			],
			"distCoef": [-0.358635,0.235676,-0.00136065,0.000318608,-0.219963],
			"R": [
				[0.9858555112,0.01273068977,0.1671132569],
				[0.0272290412,0.9716968353,-0.234656855],
				[-0.1653707665,0.2358880875,0.9576060358]
			],
			"t": [
				[22.92782815],
				[154.3300359],
				[304.7339364]
			]
		},
		{
			"name": "02_17",
			"type": "vga",
			"resolution": [640,480],
			"panel": 2,
			"node": 17,
			"K": [
				[743.966,0,372.333],
				[0,744.37,259.189],
				[0,0,1]
			],
			"distCoef": [-0.304705,-0.0729719,-3.12282e-05,-0.000580568,0.277904],
			"R": [
				[0.974302932,0.05379870886,0.2187224166],
				[-0.006991274659,0.9778119959,-0.2093676734],
				[-0.2251331132,0.2024583896,0.9530612162]
			],
			"t": [
				[40.09319623],
				[182.9306714],
				[296.9856327]
			]
		},
		{
			"name": "02_18",
			"type": "vga",
			"resolution": [640,480],
			"panel": 2,
			"node": 18,
			"K": [
				[746.823,0,379.806],
				[0,747.298,214.845],
				[0,0,1]
			],
			"distCoef": [-0.313372,-0.00382602,-0.00115593,-0.00107603,0.143251],
			"R": [
				[0.9786771573,0.01133758515,0.2050913963],
				[0.01942435297,0.9888924937,-0.1473578314],
				[-0.2044840243,0.1481995112,0.9675862694]
			],
			"t": [
				[9.872008005],
				[213.2010253],
				[285.9333432]
			]
		},
		{
			"name": "02_19",
			"type": "vga",
			"resolution": [640,480],
			"panel": 2,
			"node": 19,
			"K": [
				[746.05,0,379.478],
				[0,746.022,232.881],
				[0,0,1]
			],
			"distCoef": [-0.327345,0.0787126,-1.35578e-05,0.000198318,0.0339834],
			"R": [
				[0.9834419456,0.05649583536,0.1721922188],
				[-0.01784927126,0.9757417609,-0.2181958283],
				[-0.1803422944,0.2115094243,0.9605937853]
			],
			"t": [
				[-0.5125042172],
				[159.7545065],
				[300.2788697]
			]
		},
		{
			"name": "02_20",
			"type": "vga",
			"resolution": [640,480],
			"panel": 2,
			"node": 20,
			"K": [
				[747.31,0,392.694],
				[0,747.324,227.202],
				[0,0,1]
			],
			"distCoef": [-0.335855,0.130294,-8.31803e-05,0.00132769,-0.0368996],
			"R": [
				[0.985246485,0.03027641572,0.1684419856],
				[0.01186416564,0.9697763521,-0.2437069316],
				[-0.1707296268,0.2421098214,0.9551095377]
			],
			"t": [
				[-24.18977074],
				[137.5688415],
				[304.7640525]
			]
		},
		{
			"name": "02_21",
			"type": "vga",
			"resolution": [640,480],
			"panel": 2,
			"node": 21,
			"K": [
				[748.337,0,358.675],
				[0,748.205,237.492],
				[0,0,1]
			],
			"distCoef": [-0.344875,0.166034,0.000621208,0.000348328,-0.0873282],
			"R": [
				[0.9808126979,0.09003579186,0.1729161875],
				[-0.04511038023,0.967708637,-0.2480021119],
				[-0.1896615547,0.2354433055,0.9532024678]
			],
			"t": [
				[-8.841909444],
				[119.1658514],
				[304.239972]
			]
		},
		{
			"name": "02_22",
			"type": "vga",
			"resolution": [640,480],
			"panel": 2,
			"node": 22,
			"K": [
				[746.787,0,374.99],
				[0,746.812,247.214],
				[0,0,1]
			],
			"distCoef": [-0.330135,0.102244,0.000837189,-0.00101315,-0.00121231],
			"R": [
				[0.9864728746,0.07794752713,0.144206278],
				[-0.04149759245,0.9698031108,-0.2403328444],
				[-0.1585850479,0.2310976185,0.9599190973]
			],
			"t": [
				[-0.5951659258],
				[111.2080984],
				[303.6441155]
			]
		},
		{
			"name": "02_23",
			"type": "vga",
			"resolution": [640,480],
			"panel": 2,
			"node": 23,
			"K": [
				[745.444,0,375.56],
				[0,745.422,236.339],
				[0,0,1]
			],
			"distCoef": [-0.333422,0.0859167,0.000474824,0.000279979,0.0359094],
			"R": [
				[0.9831072801,0.006380651451,0.1829190068],
				[0.0382002677,0.9702301261,-0.2391531767],
				[-0.1789994841,0.2421007841,0.9535965578]
			],
			"t": [
				[14.45028426],
				[119.7283696],
				[305.1156025]
			]
		},
		{
			"name": "02_24",
			"type": "vga",
			"resolution": [640,480],
			"panel": 2,
			"node": 24,
			"K": [
				[749.485,0,365.507],
				[0,749.68,235.932],
				[0,0,1]
			],
			"distCoef": [-0.356931,0.239005,-7.85547e-05,-0.000797441,-0.232424],
			"R": [
				[0.9884653997,-0.01961605148,0.1501711162],
				[0.05428420159,0.9715806186,-0.2304003623],
				[-0.1413838007,0.2358947053,0.9614386662]
			],
			"t": [
				[-4.886907689],
				[141.6640372],
				[304.4201655]
			]
		},
		{
			"name": "03_01",
			"type": "vga",
			"resolution": [640,480],
			"panel": 3,
			"node": 1,
			"K": [
				[747.017,0,364.988],
				[0,747.058,222.422],
				[0,0,1]
			],
			"distCoef": [-0.345048,0.165872,-0.000582832,0.000762141,-0.0931211],
			"R": [
				[0.7789891693,0.1460670068,-0.609787097],
				[-0.329603883,0.9226828399,-0.2000441383],
				[0.5334202419,0.3568204121,0.7669041916]
			],
			"t": [
				[-13.14614697],
				[107.680084],
				[319.5463286]
			]
		},
		{
			"name": "03_02",
			"type": "vga",
			"resolution": [640,480],
			"panel": 3,
			"node": 2,
			"K": [
				[747.515,0,367.357],
				[0,747.641,218.804],
				[0,0,1]
			],
			"distCoef": [-0.329353,0.0736827,-0.000332671,0.00118035,0.0450924],
			"R": [
				[0.7748063354,0.123066854,-0.6201045815],
				[-0.3500540257,0.9002949636,-0.2587105673],
				[0.526438336,0.4175206917,0.7406342892]
			],
			"t": [
				[-22.97341175],
				[65.53112843],
				[324.6807244]
			]
		},
		{
			"name": "03_03",
			"type": "vga",
			"resolution": [640,480],
			"panel": 3,
			"node": 3,
			"K": [
				[749.241,0,350.359],
				[0,749.236,213.639],
				[0,0,1]
			],
			"distCoef": [-0.33815,0.118286,-0.000141086,4.2139e-05,-0.0259167],
			"R": [
				[0.7980369874,0.06188505532,-0.5994223942],
				[-0.2709474226,0.9253439978,-0.2651904599],
				[0.5382605883,0.3740437484,0.7552263325]
			],
			"t": [
				[-6.150488046],
				[73.18812609],
				[321.6480174]
			]
		},
		{
			"name": "03_04",
			"type": "vga",
			"resolution": [640,480],
			"panel": 3,
			"node": 4,
			"K": [
				[746.252,0,375.878],
				[0,746.146,212.734],
				[0,0,1]
			],
			"distCoef": [-0.347063,0.147298,-0.000197038,0.00180723,-0.0177672],
			"R": [
				[0.8325518116,-0.03548389255,-0.5528095282],
				[-0.1994041177,0.911850712,-0.3588401828],
				[0.5168128084,0.4089855405,0.7520873279]
			],
			"t": [
				[6.485933923],
				[75.29578637],
				[324.7025056]
			]
		},
		{
			"name": "03_05",
			"type": "vga",
			"resolution": [640,480],
			"panel": 3,
			"node": 5,
			"K": [
				[748.405,0,376.142],
				[0,748.548,251.485],
				[0,0,1]
			],
			"distCoef": [-0.35606,0.196449,0.00129905,-0.000105231,-0.101453],
			"R": [
				[0.8532536619,-0.05442070589,-0.5186487977],
				[-0.1838054016,0.8993348853,-0.3967522381],
				[0.4880304938,0.4338607506,0.7573579644]
			],
			"t": [
				[34.60837363],
				[62.45349671],
				[325.5463962]
			]
		},
		{
			"name": "03_06",
			"type": "vga",
			"resolution": [640,480],
			"panel": 3,
			"node": 6,
			"K": [
				[746.067,0,378.208],
				[0,745.839,239.963],
				[0,0,1]
			],
			"distCoef": [-0.326174,0.059375,-0.000953884,-0.000139188,0.0643024],
			"R": [
				[0.8699732062,-0.06481279998,-0.4888209504],
				[-0.1193542584,0.9341680003,-0.3362806985],
				[0.4784361834,0.3508980595,0.8049654466]
			],
			"t": [
				[55.63030554],
				[109.271316],
				[315.806218]
			]
		},
		{
			"name": "03_07",
			"type": "vga",
			"resolution": [640,480],
			"panel": 3,
			"node": 7,
			"K": [
				[746.484,0,393.466],
				[0,746.741,229.074],
				[0,0,1]
			],
			"distCoef": [-0.335936,0.112682,0.000905817,0.000843848,-0.00308419],
			"R": [
				[0.8443202538,-0.03677776086,-0.5345752569],
				[-0.1556209726,0.9378108895,-0.3103108899],
				[0.5127430369,0.3451928907,0.7860893374]
			],
			"t": [
				[42.95133464],
				[129.1581354],
				[316.7844733]
			]
		},
		{
			"name": "03_08",
			"type": "vga",
			"resolution": [640,480],
			"panel": 3,
			"node": 8,
			"K": [
				[746.113,0,375.397],
				[0,745.896,233.016],
				[0,0,1]
			],
			"distCoef": [-0.332403,0.0952962,-0.000153282,-0.00125628,-0.00726963],
			"R": [
				[0.856375248,-0.08636206188,-0.5090805721],
				[-0.1296473523,0.918367902,-0.3738876309],
				[0.4998129637,0.3861890609,0.7752709272]
			],
			"t": [
				[51.53397666],
				[135.0465495],
				[321.4362516]
			]
		},
		{
			"name": "03_09",
			"type": "vga",
			"resolution": [640,480],
			"panel": 3,
			"node": 9,
			"K": [
				[747.087,0,387.966],
				[0,746.908,217.519],
				[0,0,1]
			],
			"distCoef": [-0.336132,0.123672,0.000646847,0.00117686,-0.0246324],
			"R": [
				[0.8550244456,-0.1627467601,-0.4923887585],
				[-0.07299505911,0.9022579183,-0.4249733758],
				[0.5134246963,0.3993045716,0.759572867]
			],
			"t": [
				[26.30378787],
				[152.3641509],
				[324.8975941]
			]
		},
		{
			"name": "03_10",
			"type": "vga",
			"resolution": [640,480],
			"panel": 3,
			"node": 10,
			"K": [
				[746.091,0,374.132],
				[0,746.058,230.36],
				[0,0,1]
			],
			"distCoef": [-0.331316,0.0843266,0.000487583,0.000272238,0.0336908],
			"R": [
				[0.8354139986,-0.1058583752,-0.5393305622],
				[-0.1646781581,0.8879854161,-0.4293751332],
				[0.5243706276,0.4475219605,0.724402885]
			],
			"t": [
				[8.171506188],
				[135.130318],
				[333.7227754]
			]
		},
		{
			"name": "03_11",
			"type": "vga",
			"resolution": [640,480],
			"panel": 3,
			"node": 11,
			"K": [
				[747.63,0,370.101],
				[0,747.69,236.688],
				[0,0,1]
			],
			"distCoef": [-0.343963,0.159707,0.00100167,-0.00173641,-0.0912047],
			"R": [
				[0.8401492284,-0.06368214752,-0.5386036187],
				[-0.1712814515,0.9111047332,-0.3749010929],
				[0.514598813,0.4072256735,0.754556368]
			],
			"t": [
				[13.31759699],
				[170.1481847],
				[327.187811]
			]
		},
		{
			"name": "03_12",
			"type": "vga",
			"resolution": [640,480],
			"panel": 3,
			"node": 12,
			"K": [
				[746.56,0,372.53],
				[0,746.416,239.943],
				[0,0,1]
			],
			"distCoef": [-0.330462,0.104254,0.00175535,0.000160013,0.0015094],
			"R": [
				[0.7804712489,0.0146936643,-0.6250189804],
				[-0.2804679068,0.9017091557,-0.3290263693],
				[0.5587507342,0.4320933865,0.7078791722]
			],
			"t": [
				[-8.101375119],
				[167.1673138],
				[332.1498221]
			]
		},
		{
			"name": "03_13",
			"type": "vga",
			"resolution": [640,480],
			"panel": 3,
			"node": 13,
			"K": [
				[747.11,0,356.156],
				[0,747.078,221.693],
				[0,0,1]
			],
			"distCoef": [-0.320384,0.0272418,-0.000822731,-0.000115848,0.0887284],
			"R": [
				[0.7721065773,0.003427137679,-0.635483822],
				[-0.2620756232,0.9127080228,-0.3134971017],
				[0.578936785,0.4085979929,0.7056060368]
			],
			"t": [
				[-26.91757366],
				[158.8386914],
				[325.8628396]
			]
		},
		{
			"name": "03_14",
			"type": "vga",
			"resolution": [640,480],
			"panel": 3,
			"node": 14,
			"K": [
				[745.265,0,367.524],
				[0,745.48,233.772],
				[0,0,1]
			],
			"distCoef": [-0.327717,0.070836,0.000580247,0.000328646,0.055929],
			"R": [
				[0.7543241398,0.0873229922,-0.6506687231],
				[-0.3123481452,0.9194876234,-0.2387072405],
				[0.5774372073,0.3832978026,0.7208668852]
			],
			"t": [
				[-27.6522837],
				[179.2126697],
				[320.3197295]
			]
		},
		{
			"name": "03_15",
			"type": "vga",
			"resolution": [640,480],
			"panel": 3,
			"node": 15,
			"K": [
				[749.303,0,379.859],
				[0,749.158,235.44],
				[0,0,1]
			],
			"distCoef": [-0.35009,0.18944,0.000688563,0.000605584,-0.108397],
			"R": [
				[0.8341358875,0.09486907184,-0.5433389185],
				[-0.2714173632,0.9281713022,-0.2546186339],
				[0.4801561581,0.3598581568,0.7999701063]
			],
			"t": [
				[-6.721995135],
				[165.9533901],
				[320.4388538]
			]
		},
		{
			"name": "03_16",
			"type": "vga",
			"resolution": [640,480],
			"panel": 3,
			"node": 16,
			"K": [
				[746.236,0,371.385],
				[0,746.196,215.98],
				[0,0,1]
			],
			"distCoef": [-0.329447,0.0759183,-0.000920023,0.000206194,0.0393876],
			"R": [
				[0.7651598891,0.08005921283,-0.6388433819],
				[-0.2846383456,0.9320699598,-0.224112923],
				[0.5775044211,0.3533215426,0.7359704689]
			],
			"t": [
				[-39.44576621],
				[151.5119402],
				[315.3905311]
			]
		},
		{
			"name": "03_17",
			"type": "vga",
			"resolution": [640,480],
			"panel": 3,
			"node": 17,
			"K": [
				[745.31,0,386.174],
				[0,745.107,243.298],
				[0,0,1]
			],
			"distCoef": [-0.314914,-0.00642369,-0.000762156,0.000118896,0.167815],
			"R": [
				[0.7900515543,0.1395426776,-0.5969475544],
				[-0.3118669751,0.9298166046,-0.1953972151],
				[0.5277854976,0.3405421016,0.7781218064]
			],
			"t": [
				[-26.96511214],
				[139.9006617],
				[316.9265273]
			]
		},
		{
			"name": "03_18",
			"type": "vga",
			"resolution": [640,480],
			"panel": 3,
			"node": 18,
			"K": [
				[748.671,0,390.132],
				[0,748.432,245.044],
				[0,0,1]
			],
			"distCoef": [-0.354625,0.200789,-0.000378368,-0.000299523,-0.123648],
			"R": [
				[0.7699675999,0.1427809864,-0.6219031155],
				[-0.3535292433,0.9068330895,-0.2295012461],
				[0.5311939092,0.3965694615,0.7487093515]
			],
			"t": [
				[-37.57988358],
				[101.773643],
				[323.2270717]
			]
		},
		{
			"name": "03_19",
			"type": "vga",
			"resolution": [640,480],
			"panel": 3,
			"node": 19,
			"K": [
				[744.946,0,380.606],
				[0,744.817,232.871],
				[0,0,1]
			],
			"distCoef": [-0.327819,0.0776446,0.000378299,0.000367854,0.0582539],
			"R": [
				[0.8006535024,0.09646980742,-0.5913100248],
				[-0.2753947327,0.9357658248,-0.2202272969],
				[0.5320824281,0.3391694228,0.7757914619]
			],
			"t": [
				[-1.112670851],
				[126.2372021],
				[316.8943672]
			]
		},
		{
			"name": "03_20",
			"type": "vga",
			"resolution": [640,480],
			"panel": 3,
			"node": 20,
			"K": [
				[747.634,0,356.005],
				[0,747.488,214.882],
				[0,0,1]
			],
			"distCoef": [-0.342705,0.142159,6.8173e-05,-0.000772682,-0.0544188],
			"R": [
				[0.861387727,0.003911340655,-0.5079329535],
				[-0.1883466135,0.9311450918,-0.3122408864],
				[0.4717379962,0.3646279191,0.8028136419]
			],
			"t": [
				[24.88877427],
				[111.8092864],
				[319.3446722]
			]
		},
		{
			"name": "03_21",
			"type": "vga",
			"resolution": [640,480],
			"panel": 3,
			"node": 21,
			"K": [
				[746.147,0,370.661],
				[0,746.351,250.668],
				[0,0,1]
			],
			"distCoef": [-0.31682,0.00544975,-0.00073137,-1.09085e-05,0.164338],
			"R": [
				[0.8441136459,-0.01532373963,-0.5359452731],
				[-0.1612943359,0.9460306528,-0.2810874262],
				[0.5113279671,0.3237146691,0.7960857511]
			],
			"t": [
				[26.46660225],
				[141.0249421],
				[313.5868065]
			]
		},
		{
			"name": "03_22",
			"type": "vga",
			"resolution": [640,480],
			"panel": 3,
			"node": 22,
			"K": [
				[752.112,0,363.254],
				[0,752.048,224.51],
				[0,0,1]
			],
			"distCoef": [-0.36345,0.226387,-0.000168463,-0.00155145,-0.1741],
			"R": [
				[0.8138787369,-0.01308198693,-0.580887479],
				[-0.2668786112,0.8796310039,-0.3937322744],
				[0.5161174368,0.4754767698,0.7124216678]
			],
			"t": [
				[8.517146893],
				[106.73973],
				[335.717443]
			]
		},
		{
			"name": "03_23",
			"type": "vga",
			"resolution": [640,480],
			"panel": 3,
			"node": 23,
			"K": [
				[745.743,0,365.935],
				[0,745.502,235.415],
				[0,0,1]
			],
			"distCoef": [-0.333066,0.0926052,0.000791196,-0.000879706,0.0130584],
			"R": [
				[0.8147353774,0.02599234561,-0.5792500865],
				[-0.2616608087,0.907972184,-0.3272921236],
				[0.5174358762,0.418223518,0.7465582383]
			],
			"t": [
				[-1.215950624],
				[134.3133154],
				[327.9869381]
			]
		},
		{
			"name": "03_24",
			"type": "vga",
			"resolution": [640,480],
			"panel": 3,
			"node": 24,
			"K": [
				[747.436,0,372.912],
				[0,747.601,224.217],
				[0,0,1]
			],
			"distCoef": [-0.339391,0.134864,0.000186227,0.00107445,-0.0376641],
			"R": [
				[0.8477216288,0.02931155113,-0.5296308838],
				[-0.2272827234,0.9222430854,-0.3127463111],
				[0.4792813409,0.3854977619,0.7884674196]
			],
			"t": [
				[1.148720686],
				[129.6728431],
				[323.3311801]
			]
		},
		{
			"name": "04_01",
			"type": "vga",
			"resolution": [640,480],
			"panel": 4,
			"node": 1,
			"K": [
				[746.904,0,368.762],
				[0,746.942,246.11],
				[0,0,1]
			],
			"distCoef": [-0.337484,0.115228,-0.000398713,0.000814348,0.00163899],
			"R": [
				[0.0284523732,-0.06105264937,-0.9977289394],
				[-0.08611831886,0.9942721602,-0.06329697138],
				[0.9958785557,0.08772368799,0.02303165104]
			],
			"t": [
				[-57.27362468],
				[136.4089042],
				[281.9388714]
			]
		},
		{
			"name": "04_02",
			"type": "vga",
			"resolution": [640,480],
			"panel": 4,
			"node": 2,
			"K": [
				[746.176,0,383.112],
				[0,746.032,224.262],
				[0,0,1]
			],
			"distCoef": [-0.328294,0.0675025,-0.000695025,-0.000114683,0.0639054],
			"R": [
				[0.09199965743,-0.0184084909,-0.9955888662],
				[-0.01066341319,0.999753558,-0.01947087326],
				[0.9957019407,0.01240768912,0.09178068751]
			],
			"t": [
				[-51.64833345],
				[148.7135161],
				[274.1336654]
			]
		},
		{
			"name": "04_03",
			"type": "vga",
			"resolution": [640,480],
			"panel": 4,
			"node": 3,
			"K": [
				[743.714,0,378.074],
				[0,743.289,259.573],
				[0,0,1]
			],
			"distCoef": [-0.320292,0.0163117,0.000316482,0.00114838,0.140479],
			"R": [
				[0.05298261405,0.04130640859,-0.9977407595],
				[-0.08670852007,0.9955607542,0.03661170989],
				[0.9948238413,0.08457284058,0.05632902876]
			],
			"t": [
				[-47.98116124],
				[110.8681635],
				[281.6854302]
			]
		},
		{
			"name": "04_04",
			"type": "vga",
			"resolution": [640,480],
			"panel": 4,
			"node": 4,
			"K": [
				[744.475,0,395.071],
				[0,744.372,223.988],
				[0,0,1]
			],
			"distCoef": [-0.31588,-0.00500312,-0.000734906,0.000275505,0.164933],
			"R": [
				[0.07597767119,0.05679325347,-0.9954907934],
				[-0.0381553389,0.9978109581,0.05401353505],
				[0.9963792268,0.03387946599,0.07797831872]
			],
			"t": [
				[-19.94238928],
				[117.3006627],
				[277.0027871]
			]
		},
		{
			"name": "04_05",
			"type": "vga",
			"resolution": [640,480],
			"panel": 4,
			"node": 5,
			"K": [
				[747.171,0,365.863],
				[0,747.379,259.636],
				[0,0,1]
			],
			"distCoef": [-0.34442,0.152888,0.000804575,0.000277326,-0.0495371],
			"R": [
				[0.1173088765,0.01107613859,-0.9930337087],
				[-0.05099955416,0.9986855798,0.005114508645],
				[0.9917850941,0.05004429914,0.1177195615]
			],
			"t": [
				[-10.15210898],
				[90.29958363],
				[279.5234297]
			]
		},
		{
			"name": "04_06",
			"type": "vga",
			"resolution": [640,480],
			"panel": 4,
			"node": 6,
			"K": [
				[746.133,0,362.023],
				[0,746.366,224.913],
				[0,0,1]
			],
			"distCoef": [-0.323351,0.0530926,-0.000115821,0.00150637,0.0800655],
			"R": [
				[0.08080978379,0.09491963066,-0.9921995981],
				[-0.08654101755,0.9923641079,0.08788702782],
				[0.9929654733,0.07876383112,0.08840717042]
			],
			"t": [
				[8.505262238],
				[75.01939232],
				[281.1738713]
			]
		},
		{
			"name": "04_07",
			"type": "vga",
			"resolution": [640,480],
			"panel": 4,
			"node": 7,
			"K": [
				[745.415,0,375.43],
				[0,745.326,218.332],
				[0,0,1]
			],
			"distCoef": [-0.313478,-0.00217087,-0.000935028,-7.44565e-05,0.150782],
			"R": [
				[0.06752767817,-0.05856944057,-0.9959968039],
				[-0.04029091824,0.9973010601,-0.0613778248],
				[0.9969035332,0.0442743278,0.06498560849]
			],
			"t": [
				[5.780562216],
				[99.26963234],
				[278.4425047]
			]
		},
		{
			"name": "04_08",
			"type": "vga",
			"resolution": [640,480],
			"panel": 4,
			"node": 8,
			"K": [
				[745.658,0,365.794],
				[0,745.482,236.962],
				[0,0,1]
			],
			"distCoef": [-0.32664,0.0599499,0.000429137,-0.000506178,0.0749747],
			"R": [
				[0.09021260662,-0.02052963354,-0.9957109117],
				[-0.04776633669,0.9985477352,-0.02491581093],
				[0.9947763883,0.04980918291,0.08910096863]
			],
			"t": [
				[37.32330039],
				[92.22632456],
				[278.2990074]
			]
		},
		{
			"name": "04_09",
			"type": "vga",
			"resolution": [640,480],
			"panel": 4,
			"node": 9,
			"K": [
				[747.116,0,355.163],
				[0,747.058,217.735],
				[0,0,1]
			],
			"distCoef": [-0.35016,0.204653,-0.000696418,-6.91679e-05,-0.165737],
			"R": [
				[0.07832405072,0.01285311165,-0.9968450936],
				[-0.04362716648,0.9990031581,0.009453066271],
				[0.9959728979,0.04274912441,0.07880671886]
			],
			"t": [
				[53.76568202],
				[107.3959218],
				[277.8320919]
			]
		},
		{
			"name": "04_10",
			"type": "vga",
			"resolution": [640,480],
			"panel": 4,
			"node": 10,
			"K": [
				[744.047,0,373.651],
				[0,744.112,209.854],
				[0,0,1]
			],
			"distCoef": [-0.319987,0.0216308,-0.00158748,-2.77868e-05,0.122226],
			"R": [
				[0.05996844944,-0.02056191238,-0.9979884733],
				[-0.05570705943,0.9981607579,-0.02391286138],
				[0.996644625,0.05702902041,0.05871270926]
			],
			"t": [
				[39.59985197],
				[126.0970556],
				[280.0524354]
			]
		},
		{
			"name": "04_11",
			"type": "vga",
			"resolution": [640,480],
			"panel": 4,
			"node": 11,
			"K": [
				[743.567,0,378.735],
				[0,743.533,231.317],
				[0,0,1]
			],
			"distCoef": [-0.317365,0.0177083,0.000121557,-0.000243099,0.122688],
			"R": [
